<html>
<head><title>Data Frame.html </title>
<style>
  .goth {font-size:14.0pt;font-family:"Pointy Teeth"; color:purple;}
  body {font-size:12.0pt;font-family:Arial; color:blank;}
  .comic {font-size:12.0pt;font-family:"Comic Sans MS"; color:e633ff;}
 </style>
</head>
<body bgcolor="ccffff">
<p><span class="goth">A data frame is a table, or two-dimensional array-like structure.  </span>
<p>We can use it to create table from vectors.</p>

<p>> <span class="comic"> studentid <-c("101","102","103","104","105","106","107","108","109","110","111")</span>
<p>> <span class="comic"> gender <- c("f","f","m","m","m","f","f","f","m","m","m")</span>
<p>> <span class="comic"> age <-c(25,53,20,60,33,45,43,22,65,55,72)</span>
<p>> <span class="comic"> q1<-c(3.1,3.4,2.5,3.9,4.0,2.2,3.5,2.5,3.1,2.9,3.0)</span>
<p>> <span class="comic"> q2<-c(2.2,3.5,2.6,3.7,2.8,3.0,3.1,3.4,2.5,3.9,4.0)</span>
<p>> <span class="comic"> q3<-c(3.1,3.4,2.5,3.9,4.0,3.2,3.5,3.3,3.5,3.8,2.5)</span>
<p>> <span class="comic"> mydata <-data.frame(studentid, gender,age,q1,q2,q3)</span>
<p>> <span class="comic"> mydata</span>
<pre>
   studentid gender age  q1  q2  q3
1        101      f  25 3.1 2.2 3.1
2        102      f  53 3.4 3.5 3.4
3        103      m  20 2.5 2.6 2.5
4        104      m  60 3.9 3.7 3.9
5        105      m  33 4.0 2.8 4.0
6        106      f  45 2.2 3.0 3.2
7        107      f  43 3.5 3.1 3.5
8        108      f  22 2.5 3.4 3.3
9        109      m  65 3.1 2.5 3.5
10       110      m  55 2.9 3.9 3.8
11       111      m  72 3.0 4.0 2.5
</pre>

<p> want to see how many student by gender:
<p>> <span class="comic">  table (mydata$gender)</span>
<pre>
f m 
5 6 
</pre>
<p> To sort the matrix by gender (second column):
<p>> <span class="comic"> mydata[ order( mydata[,2]), ]</span>
<pre>
   studentid gender age  q1  q2  q3
1        101      f  25 3.1 2.2 3.1
2        102      f  53 3.4 3.5 3.4
6        106      f  45 2.2 3.0 3.2
7        107      f  43 3.5 3.1 3.5
8        108      f  22 2.5 3.4 3.3
3        103      m  20 2.5 2.6 2.5
4        104      m  60 3.9 3.7 3.9
5        105      m  33 4.0 2.8 4.0
9        109      m  65 3.1 2.5 3.5
10       110      m  55 2.9 3.9 3.8
11       111      m  72 3.0 4.0 2.5
</pre>
<p> To sort the matrix by age (third column):
<p>> <span class="comic"> mydata[ order( mydata[,3]), ] </span>
<pre>
   studentid gender age  q1  q2  q3
3        103      m  20 2.5 2.6 2.5
8        108      f  22 2.5 3.4 3.3
1        101      f  25 3.1 2.2 3.1
5        105      m  33 4.0 2.8 4.0
7        107      f  43 3.5 3.1 3.5
6        106      f  45 2.2 3.0 3.2
2        102      f  53 3.4 3.5 3.4
10       110      m  55 2.9 3.9 3.8
4        104      m  60 3.9 3.7 3.9
9        109      m  65 3.1 2.5 3.5
11       111      m  72 3.0 4.0 2.5
</pre>
we can display summary of statics:
<p>> <span class="comic">  summary(mydata)
<pre>
   studentid gender      age              q1             q2              q3       
 101    :1   f:5    Min.   :20.00   Min.   :2.20   Min.   :2.200   Min.   :2.500  
 102    :1   m:6    1st Qu.:29.00   1st Qu.:2.70   1st Qu.:2.700   1st Qu.:3.150  
 103    :1          Median :45.00   Median :3.10   Median :3.100   Median :3.400  
 104    :1          Mean   :44.82   Mean   :3.10   Mean   :3.155   Mean   :3.336  
 105    :1          3rd Qu.:57.50   3rd Qu.:3.45   3rd Qu.:3.600   3rd Qu.:3.650  
 106    :1          Max.   :72.00   Max.   :4.00   Max.   :4.000   Max.   :4.000  
 (Other):5  
 </pre>
  
 
 </body>
</html>